c generated 05-23-2022 11:38:01 with QBFuzz version 1.1.1
c qbfuzz.py --seed=1614667268 -v 80 -c 40 -s 15 --min=5 --max=15 -o /home/andreas/Documents/GitLabProjects/depqbf/examples/Check-Files/fuzzy_output
c 
p cnf 80 40
e 60 45 0
a 39 26 0
e 19 0
a 57 72 40 8 2 3 27 11 0
e 65 0
a 25 29 1 79 59 14 42 0
e 66 16 0
a 48 4 10 64 0
e 73 55 36 53 20 0
a 61 0
e 6 58 12 41 21 0
a 78 0
e 43 32 0
a 28 62 56 13 75 38 15 80 70 31 37 77 22 33 71 68 74 47 76 17 54 9 18 52 63 34 50 30 51 35 67 0
e 46 24 44 5 69 23 49 7 0
49 -21 50 28 -47 34 0
20 5 -55 36 41 -16 -53 45 -32 -43 68 -78 -10 76 -62 0
23 -58 46 -12 -73 79 -64 27 -37 -63 0
60 -19 44 66 -69 65 -7 6 -24 45 -53 0
7 -58 -49 53 -69 45 -15 9 42 -29 18 59 72 0
53 -58 69 7 19 16 -12 21 -44 66 -74 -35 -40 0
69 6 -73 -46 -53 -7 -5 41 -45 24 0
-20 -45 -21 32 -26 -39 0
5 -43 -12 66 -60 -45 41 -7 -6 52 71 80 75 48 33 0
-24 45 21 12 70 -25 8 0
58 -7 69 12 -43 19 -73 49 -55 17 -4 67 0
-21 44 32 -69 31 51 -3 77 0
-73 69 23 19 -12 65 -5 -11 2 13 -14 0
32 -7 19 -53 -66 61 -57 56 30 -38 -22 -1 54 26 0
-44 53 8 -70 37 -72 -75 57 -48 0
32 -6 -23 -19 -20 -73 5 66 60 4 8 57 11 0
60 69 7 21 33 -80 -56 0
-20 -7 52 -61 -25 42 26 80 3 8 28 -79 1 9 0
6 -43 -44 -41 -16 56 8 22 -61 -40 0
44 20 -16 5 66 -45 -6 -24 -43 -19 0
69 40 -54 48 -31 0
24 61 -80 -54 8 70 0
32 24 60 66 -20 -7 55 -26 0
-65 26 8 72 0
66 21 -36 1 -48 -26 -14 57 0
49 19 23 -43 53 5 -80 -10 -34 54 4 0
-49 6 -16 19 7 43 51 74 -39 2 -68 0
5 66 -60 -58 -7 -20 19 -43 69 -23 55 49 -31 0
24 -12 44 -43 -46 -71 31 -64 -25 -50 0
-46 -55 20 43 8 -22 0
53 79 3 0
46 44 -45 19 32 55 5 14 -70 -38 -76 22 0
66 -49 5 -6 7 -45 36 59 17 22 0
-7 69 -21 45 -30 -4 57 -80 -33 -10 0
19 43 -60 23 -12 -16 55 32 -20 -7 -21 8 14 -57 -25 0
19 12 23 24 -69 -21 53 -5 -41 43 66 -7 -77 0
44 -7 76 -59 77 0
41 -65 -3 4 0
-41 11 0
46 69 36 23 16 -60 64 0
